0000000000000000000000000000000000000000000000000000000000000000000000000000000000000000000000000000
0000000000000000001111100000000000000000000000000000000000000000000011000000000000000000000000000000
0000000000000000011111110000000000000000000000000000000000000000100100100011000000000000000000000000
0000000000000111111000111000000001111110000000000000000000001001110100100101000000000000000000000000
0000000001111111110000011100001111111110000000000000000000010100100100100100100000000111100000000000
0000000111000011100000001110001111001111000000000000000000010100000011000100100000000100011000000000
0000001100000110000000000111111100000111000000000000000000001000000000000100101110001000001000000000
0000111000001100000000000111111111000011100000000000000000000000000010000011011001010000000100111000
0001111000011000000000000011000011111011111111111000000000000001111100001000100000100000000101000100
0011111111010000000000000011100000111111111111111111111111000111111100010000100000000000000010000010
0111111111111100000000000001100000011111000000000001111111111110001000100000000001100011000000110010
0111010101110111000000000001100000001111000000000011000000000000001000100011110001111110000000110000
0110010101100111100000000001100000000000000000000100011111111111001001000111111000011110000111110000
0110010101100111111000000001100100000000000000000100110000000111001101000111111100011110001111100000
0110010101100110011111111111100010000000000000001000100000000011001100001111001110011100011111000000
0011010101110011110000000011000000000000000000000000110000000111000100001110000110011101111110000000
0011010101110000000000000110000000000000000000000000101111111111000100001110000110011111111000000000
0011110101111100000000011100000001000000000000000000100000000111000110001110000110011111100000000000
0001111111100111000001110000000001000000000000000000100000000011000110000110000110011111110000000000
0011111111000001111111000000010001000000000000000001100000000111000110000111001110011111111000000000
0011110000000000000000000010000110000000000000000001111111111111000110000111111100011111111100000000
0011100000000000011110000000100100000000000000000001100000011110001110000011111100011110011111100000
0001100000001111110011110000001000000000000000000001000000000110001110001001111000011110000111110000
1101100000000000000000011000000000000000000000000011100000001110001100010100000011001111000011110100
1111110000000000000000001110000000000000000000000011100001111110011100100011111100101111100000110100
0111111001000000111111000011100000000000000000010011111111111100011100000001000000101111100000110100
0000011110000111100011100000111000000000000000000010000000111100011000000001000000100000001110000100
0000011011111111000001110000011111000000000000000010000000111100011000000000000000011111110001111000
0000010000000001000000111111111111111100000000010010000001111100111000000001000000001100000000010000
0000010000000011000000011111110001111111110000001010111111111001110000000000000000000100000000010000
0000011111111111100000001110000000000111111111110011111111111111000000000000000000000000000000000000
0000010000000000100001111110000000000000011111111111111111111000000000000000000000000000000000000000
